7.0, 12.0
8.0, 12.0
9.0, 12.0
10.0, 12.0
11.0, 12.0
12.0, 12.0
13.0, 12.0
14.0, 12.0
15.0, 12.0
16.0, 12.0
17.0, 12.0
18.0, 12.0
19.0, 12.0
20.0, 12.0
21.0, 12.0
22.0, 12.0
10.0, 13.0
11.0, 13.0
12.0, 13.0
13.0, 13.0
14.0, 13.0
15.0, 13.0
16.0, 13.0
17.0, 13.0
18.0, 13.0
19.0, 13.0
20.0, 13.0
21.0, 13.0
22.0, 13.0
10.0, 14.0
11.0, 14.0
12.0, 14.0
13.0, 14.0
14.0, 14.0
15.0, 14.0
16.0, 14.0
17.0, 14.0
18.0, 14.0
19.0, 14.0
20.0, 14.0
21.0, 14.0
22.0, 14.0
12.0, 15.0
13.0, 15.0
14.0, 15.0
15.0, 15.0
16.0, 15.0
17.0, 15.0
18.0, 15.0
19.0, 15.0
20.0, 15.0
21.0, 15.0
22.0, 15.0
23.0, 15.0
25.0, 15.0
27.0, 15.0
13.0, 16.0
14.0, 16.0
15.0, 16.0
16.0, 16.0
17.0, 16.0
18.0, 16.0
19.0, 16.0
20.0, 16.0
21.0, 16.0
22.0, 16.0
23.0, 16.0
24.0, 16.0
25.0, 16.0
26.0, 16.0
27.0, 16.0
28.0, 16.0
13.0, 17.0
14.0, 17.0
15.0, 17.0
16.0, 17.0
17.0, 17.0
18.0, 17.0
19.0, 17.0
20.0, 17.0
21.0, 17.0
22.0, 17.0
23.0, 17.0
24.0, 17.0
25.0, 17.0
26.0, 17.0
27.0, 17.0
29.0, 17.0
14.0, 18.0
15.0, 18.0
16.0, 18.0
17.0, 18.0
18.0, 18.0
19.0, 18.0
20.0, 18.0
21.0, 18.0
22.0, 18.0
23.0, 18.0
24.0, 18.0
25.0, 18.0
26.0, 18.0
27.0, 18.0
28.0, 18.0
29.0, 18.0
30.0, 18.0
16.0, 19.0
17.0, 19.0
18.0, 19.0
19.0, 19.0
20.0, 19.0
21.0, 19.0
22.0, 19.0
23.0, 19.0
24.0, 19.0
25.0, 19.0
26.0, 19.0
27.0, 19.0
28.0, 19.0
29.0, 19.0
30.0, 19.0
31.0, 19.0
32.0, 19.0
33.0, 19.0
16.0, 20.0
17.0, 20.0
18.0, 20.0
19.0, 20.0
20.0, 20.0
21.0, 20.0
22.0, 20.0
23.0, 20.0
24.0, 20.0
25.0, 20.0
26.0, 20.0
27.0, 20.0
28.0, 20.0
29.0, 20.0
30.0, 20.0
31.0, 20.0
32.0, 20.0
33.0, 20.0
34.0, 20.0
18.0, 21.0
19.0, 21.0
20.0, 21.0
21.0, 21.0
22.0, 21.0
23.0, 21.0
24.0, 21.0
25.0, 21.0
26.0, 21.0
27.0, 21.0
28.0, 21.0
29.0, 21.0
30.0, 21.0
31.0, 21.0
32.0, 21.0
33.0, 21.0
34.0, 21.0
18.0, 22.0
19.0, 22.0
20.0, 22.0
21.0, 22.0
22.0, 22.0
23.0, 22.0
24.0, 22.0
25.0, 22.0
26.0, 22.0
27.0, 22.0
28.0, 22.0
29.0, 22.0
30.0, 22.0
31.0, 22.0
32.0, 22.0
33.0, 22.0
20.0, 23.0
21.0, 23.0
22.0, 23.0
23.0, 23.0
24.0, 23.0
25.0, 23.0
26.0, 23.0
27.0, 23.0
28.0, 23.0
29.0, 23.0
30.0, 23.0
31.0, 23.0
32.0, 23.0
34.0, 23.0
35.0, 23.0
20.0, 24.0
21.0, 24.0
22.0, 24.0
23.0, 24.0
24.0, 24.0
25.0, 24.0
26.0, 24.0
27.0, 24.0
28.0, 24.0
29.0, 24.0
30.0, 24.0
31.0, 24.0
32.0, 24.0
33.0, 24.0
34.0, 24.0
35.0, 24.0
36.0, 24.0
37.0, 24.0
38.0, 24.0
39.0, 24.0
21.0, 25.0
22.0, 25.0
23.0, 25.0
24.0, 25.0
25.0, 25.0
26.0, 25.0
27.0, 25.0
28.0, 25.0
29.0, 25.0
30.0, 25.0
31.0, 25.0
32.0, 25.0
33.0, 25.0
34.0, 25.0
35.0, 25.0
36.0, 25.0
37.0, 25.0
38.0, 25.0
39.0, 25.0
40.0, 25.0
41.0, 25.0
22.0, 26.0
23.0, 26.0
24.0, 26.0
25.0, 26.0
26.0, 26.0
27.0, 26.0
28.0, 26.0
29.0, 26.0
30.0, 26.0
31.0, 26.0
32.0, 26.0
33.0, 26.0
34.0, 26.0
35.0, 26.0
36.0, 26.0
37.0, 26.0
38.0, 26.0
39.0, 26.0
40.0, 26.0
41.0, 26.0
24.0, 27.0
25.0, 27.0
26.0, 27.0
27.0, 27.0
28.0, 27.0
29.0, 27.0
30.0, 27.0
31.0, 27.0
32.0, 27.0
33.0, 27.0
34.0, 27.0
35.0, 27.0
36.0, 27.0
37.0, 27.0
38.0, 27.0
39.0, 27.0
40.0, 27.0
41.0, 27.0
42.0, 27.0
43.0, 27.0
24.0, 28.0
25.0, 28.0
26.0, 28.0
27.0, 28.0
28.0, 28.0
29.0, 28.0
30.0, 28.0
31.0, 28.0
32.0, 28.0
33.0, 28.0
34.0, 28.0
35.0, 28.0
36.0, 28.0
37.0, 28.0
38.0, 28.0
39.0, 28.0
40.0, 28.0
41.0, 28.0
42.0, 28.0
43.0, 28.0
44.0, 28.0
45.0, 28.0
27.0, 29.0
28.0, 29.0
29.0, 29.0
30.0, 29.0
31.0, 29.0
32.0, 29.0
33.0, 29.0
34.0, 29.0
35.0, 29.0
36.0, 29.0
37.0, 29.0
38.0, 29.0
39.0, 29.0
40.0, 29.0
41.0, 29.0
42.0, 29.0
43.0, 29.0
44.0, 29.0
45.0, 29.0
46.0, 29.0
47.0, 29.0
48.0, 29.0
49.0, 29.0
28.0, 30.0
29.0, 30.0
30.0, 30.0
31.0, 30.0
32.0, 30.0
33.0, 30.0
34.0, 30.0
35.0, 30.0
36.0, 30.0
37.0, 30.0
38.0, 30.0
39.0, 30.0
40.0, 30.0
41.0, 30.0
42.0, 30.0
43.0, 30.0
44.0, 30.0
45.0, 30.0
46.0, 30.0
47.0, 30.0
48.0, 30.0
49.0, 30.0
50.0, 30.0
51.0, 30.0
52.0, 30.0
30.0, 31.0
31.0, 31.0
32.0, 31.0
33.0, 31.0
34.0, 31.0
35.0, 31.0
36.0, 31.0
37.0, 31.0
38.0, 31.0
39.0, 31.0
40.0, 31.0
41.0, 31.0
42.0, 31.0
43.0, 31.0
44.0, 31.0
45.0, 31.0
46.0, 31.0
47.0, 31.0
48.0, 31.0
49.0, 31.0
50.0, 31.0
51.0, 31.0
52.0, 31.0
53.0, 31.0
54.0, 31.0
31.0, 32.0
32.0, 32.0
33.0, 32.0
34.0, 32.0
35.0, 32.0
36.0, 32.0
37.0, 32.0
38.0, 32.0
39.0, 32.0
40.0, 32.0
41.0, 32.0
42.0, 32.0
43.0, 32.0
44.0, 32.0
45.0, 32.0
46.0, 32.0
47.0, 32.0
48.0, 32.0
49.0, 32.0
50.0, 32.0
51.0, 32.0
52.0, 32.0
53.0, 32.0
32.0, 33.0
33.0, 33.0
34.0, 33.0
35.0, 33.0
36.0, 33.0
37.0, 33.0
38.0, 33.0
39.0, 33.0
40.0, 33.0
41.0, 33.0
42.0, 33.0
43.0, 33.0
44.0, 33.0
45.0, 33.0
46.0, 33.0
47.0, 33.0
48.0, 33.0
49.0, 33.0
50.0, 33.0
51.0, 33.0
52.0, 33.0
53.0, 33.0
54.0, 33.0
33.0, 34.0
34.0, 34.0
35.0, 34.0
36.0, 34.0
37.0, 34.0
38.0, 34.0
39.0, 34.0
40.0, 34.0
41.0, 34.0
42.0, 34.0
43.0, 34.0
44.0, 34.0
45.0, 34.0
46.0, 34.0
47.0, 34.0
48.0, 34.0
49.0, 34.0
50.0, 34.0
51.0, 34.0
52.0, 34.0
53.0, 34.0
54.0, 34.0
55.0, 34.0
34.0, 35.0
35.0, 35.0
36.0, 35.0
37.0, 35.0
38.0, 35.0
39.0, 35.0
40.0, 35.0
41.0, 35.0
42.0, 35.0
43.0, 35.0
44.0, 35.0
45.0, 35.0
46.0, 35.0
47.0, 35.0
48.0, 35.0
49.0, 35.0
50.0, 35.0
51.0, 35.0
52.0, 35.0
53.0, 35.0
54.0, 35.0
55.0, 35.0
56.0, 35.0
57.0, 35.0
36.0, 36.0
37.0, 36.0
38.0, 36.0
39.0, 36.0
40.0, 36.0
41.0, 36.0
42.0, 36.0
43.0, 36.0
44.0, 36.0
45.0, 36.0
46.0, 36.0
47.0, 36.0
48.0, 36.0
49.0, 36.0
50.0, 36.0
51.0, 36.0
52.0, 36.0
53.0, 36.0
54.0, 36.0
55.0, 36.0
56.0, 36.0
57.0, 36.0
58.0, 36.0
59.0, 36.0
60.0, 36.0
36.0, 37.0
37.0, 37.0
38.0, 37.0
39.0, 37.0
40.0, 37.0
41.0, 37.0
42.0, 37.0
43.0, 37.0
44.0, 37.0
45.0, 37.0
46.0, 37.0
47.0, 37.0
48.0, 37.0
49.0, 37.0
50.0, 37.0
51.0, 37.0
52.0, 37.0
53.0, 37.0
54.0, 37.0
55.0, 37.0
56.0, 37.0
57.0, 37.0
58.0, 37.0
59.0, 37.0
60.0, 37.0
61.0, 37.0
62.0, 37.0
63.0, 37.0
64.0, 37.0
65.0, 37.0
36.0, 38.0
38.0, 38.0
39.0, 38.0
40.0, 38.0
41.0, 38.0
42.0, 38.0
43.0, 38.0
44.0, 38.0
45.0, 38.0
46.0, 38.0
47.0, 38.0
48.0, 38.0
49.0, 38.0
50.0, 38.0
51.0, 38.0
52.0, 38.0
53.0, 38.0
54.0, 38.0
55.0, 38.0
56.0, 38.0
57.0, 38.0
58.0, 38.0
59.0, 38.0
60.0, 38.0
61.0, 38.0
62.0, 38.0
63.0, 38.0
64.0, 38.0
40.0, 39.0
41.0, 39.0
42.0, 39.0
43.0, 39.0
44.0, 39.0
45.0, 39.0
46.0, 39.0
47.0, 39.0
48.0, 39.0
49.0, 39.0
50.0, 39.0
51.0, 39.0
52.0, 39.0
53.0, 39.0
54.0, 39.0
55.0, 39.0
56.0, 39.0
57.0, 39.0
58.0, 39.0
59.0, 39.0
60.0, 39.0
61.0, 39.0
62.0, 39.0
63.0, 39.0
64.0, 39.0
41.0, 40.0
42.0, 40.0
43.0, 40.0
44.0, 40.0
45.0, 40.0
46.0, 40.0
47.0, 40.0
48.0, 40.0
49.0, 40.0
50.0, 40.0
51.0, 40.0
52.0, 40.0
53.0, 40.0
54.0, 40.0
55.0, 40.0
56.0, 40.0
57.0, 40.0
58.0, 40.0
59.0, 40.0
60.0, 40.0
61.0, 40.0
62.0, 40.0
63.0, 40.0
64.0, 40.0
65.0, 40.0
43.0, 41.0
44.0, 41.0
45.0, 41.0
46.0, 41.0
47.0, 41.0
48.0, 41.0
49.0, 41.0
50.0, 41.0
51.0, 41.0
52.0, 41.0
53.0, 41.0
54.0, 41.0
55.0, 41.0
56.0, 41.0
57.0, 41.0
58.0, 41.0
59.0, 41.0
60.0, 41.0
61.0, 41.0
62.0, 41.0
63.0, 41.0
64.0, 41.0
65.0, 41.0
66.0, 41.0
67.0, 41.0
43.0, 42.0
44.0, 42.0
45.0, 42.0
46.0, 42.0
47.0, 42.0
48.0, 42.0
49.0, 42.0
50.0, 42.0
51.0, 42.0
52.0, 42.0
53.0, 42.0
54.0, 42.0
55.0, 42.0
56.0, 42.0
57.0, 42.0
58.0, 42.0
59.0, 42.0
60.0, 42.0
61.0, 42.0
62.0, 42.0
63.0, 42.0
64.0, 42.0
65.0, 42.0
66.0, 42.0
67.0, 42.0
68.0, 42.0
69.0, 42.0
44.0, 43.0
45.0, 43.0
46.0, 43.0
47.0, 43.0
48.0, 43.0
49.0, 43.0
50.0, 43.0
51.0, 43.0
52.0, 43.0
53.0, 43.0
54.0, 43.0
55.0, 43.0
56.0, 43.0
57.0, 43.0
58.0, 43.0
59.0, 43.0
60.0, 43.0
61.0, 43.0
62.0, 43.0
63.0, 43.0
64.0, 43.0
65.0, 43.0
66.0, 43.0
67.0, 43.0
68.0, 43.0
69.0, 43.0
70.0, 43.0
45.0, 44.0
46.0, 44.0
47.0, 44.0
48.0, 44.0
49.0, 44.0
50.0, 44.0
51.0, 44.0
52.0, 44.0
53.0, 44.0
54.0, 44.0
55.0, 44.0
56.0, 44.0
57.0, 44.0
58.0, 44.0
59.0, 44.0
60.0, 44.0
61.0, 44.0
62.0, 44.0
63.0, 44.0
64.0, 44.0
65.0, 44.0
66.0, 44.0
67.0, 44.0
68.0, 44.0
69.0, 44.0
70.0, 44.0
71.0, 44.0
72.0, 44.0
47.0, 45.0
48.0, 45.0
49.0, 45.0
50.0, 45.0
51.0, 45.0
52.0, 45.0
53.0, 45.0
54.0, 45.0
55.0, 45.0
56.0, 45.0
57.0, 45.0
58.0, 45.0
59.0, 45.0
60.0, 45.0
61.0, 45.0
62.0, 45.0
63.0, 45.0
64.0, 45.0
65.0, 45.0
66.0, 45.0
67.0, 45.0
68.0, 45.0
69.0, 45.0
70.0, 45.0
71.0, 45.0
72.0, 45.0
73.0, 45.0
74.0, 45.0
48.0, 46.0
49.0, 46.0
50.0, 46.0
51.0, 46.0
52.0, 46.0
53.0, 46.0
54.0, 46.0
55.0, 46.0
56.0, 46.0
57.0, 46.0
58.0, 46.0
59.0, 46.0
60.0, 46.0
61.0, 46.0
62.0, 46.0
63.0, 46.0
64.0, 46.0
65.0, 46.0
66.0, 46.0
67.0, 46.0
68.0, 46.0
69.0, 46.0
70.0, 46.0
71.0, 46.0
72.0, 46.0
73.0, 46.0
74.0, 46.0
75.0, 46.0
76.0, 46.0
49.0, 47.0
50.0, 47.0
51.0, 47.0
52.0, 47.0
53.0, 47.0
54.0, 47.0
55.0, 47.0
56.0, 47.0
57.0, 47.0
58.0, 47.0
59.0, 47.0
60.0, 47.0
61.0, 47.0
62.0, 47.0
63.0, 47.0
64.0, 47.0
65.0, 47.0
66.0, 47.0
67.0, 47.0
68.0, 47.0
69.0, 47.0
70.0, 47.0
71.0, 47.0
72.0, 47.0
73.0, 47.0
74.0, 47.0
75.0, 47.0
76.0, 47.0
50.0, 48.0
51.0, 48.0
52.0, 48.0
53.0, 48.0
54.0, 48.0
55.0, 48.0
56.0, 48.0
57.0, 48.0
58.0, 48.0
59.0, 48.0
60.0, 48.0
61.0, 48.0
62.0, 48.0
63.0, 48.0
64.0, 48.0
65.0, 48.0
66.0, 48.0
67.0, 48.0
68.0, 48.0
69.0, 48.0
70.0, 48.0
71.0, 48.0
72.0, 48.0
73.0, 48.0
74.0, 48.0
75.0, 48.0
76.0, 48.0
77.0, 48.0
78.0, 48.0
79.0, 48.0
80.0, 48.0
81.0, 48.0
82.0, 48.0
83.0, 48.0
84.0, 48.0
51.0, 49.0
52.0, 49.0
53.0, 49.0
54.0, 49.0
55.0, 49.0
56.0, 49.0
57.0, 49.0
58.0, 49.0
59.0, 49.0
60.0, 49.0
61.0, 49.0
62.0, 49.0
63.0, 49.0
64.0, 49.0
65.0, 49.0
66.0, 49.0
67.0, 49.0
68.0, 49.0
69.0, 49.0
70.0, 49.0
71.0, 49.0
72.0, 49.0
73.0, 49.0
74.0, 49.0
75.0, 49.0
76.0, 49.0
77.0, 49.0
78.0, 49.0
79.0, 49.0
80.0, 49.0
81.0, 49.0
82.0, 49.0
83.0, 49.0
54.0, 50.0
55.0, 50.0
56.0, 50.0
57.0, 50.0
58.0, 50.0
59.0, 50.0
60.0, 50.0
61.0, 50.0
62.0, 50.0
63.0, 50.0
64.0, 50.0
65.0, 50.0
66.0, 50.0
67.0, 50.0
68.0, 50.0
69.0, 50.0
70.0, 50.0
71.0, 50.0
72.0, 50.0
73.0, 50.0
74.0, 50.0
75.0, 50.0
76.0, 50.0
77.0, 50.0
78.0, 50.0
79.0, 50.0
80.0, 50.0
81.0, 50.0
82.0, 50.0
83.0, 50.0
84.0, 50.0
85.0, 50.0
54.0, 51.0
55.0, 51.0
56.0, 51.0
57.0, 51.0
58.0, 51.0
59.0, 51.0
60.0, 51.0
61.0, 51.0
62.0, 51.0
63.0, 51.0
64.0, 51.0
65.0, 51.0
66.0, 51.0
67.0, 51.0
68.0, 51.0
69.0, 51.0
70.0, 51.0
71.0, 51.0
72.0, 51.0
73.0, 51.0
74.0, 51.0
75.0, 51.0
76.0, 51.0
77.0, 51.0
78.0, 51.0
79.0, 51.0
80.0, 51.0
81.0, 51.0
82.0, 51.0
83.0, 51.0
84.0, 51.0
85.0, 51.0
86.0, 51.0
56.0, 52.0
57.0, 52.0
58.0, 52.0
59.0, 52.0
60.0, 52.0
61.0, 52.0
62.0, 52.0
63.0, 52.0
64.0, 52.0
65.0, 52.0
66.0, 52.0
67.0, 52.0
68.0, 52.0
69.0, 52.0
70.0, 52.0
71.0, 52.0
72.0, 52.0
73.0, 52.0
74.0, 52.0
75.0, 52.0
76.0, 52.0
77.0, 52.0
78.0, 52.0
79.0, 52.0
80.0, 52.0
81.0, 52.0
82.0, 52.0
83.0, 52.0
84.0, 52.0
85.0, 52.0
86.0, 52.0
87.0, 52.0
88.0, 52.0
56.0, 53.0
57.0, 53.0
58.0, 53.0
59.0, 53.0
60.0, 53.0
61.0, 53.0
62.0, 53.0
63.0, 53.0
64.0, 53.0
65.0, 53.0
66.0, 53.0
67.0, 53.0
68.0, 53.0
69.0, 53.0
70.0, 53.0
71.0, 53.0
72.0, 53.0
73.0, 53.0
74.0, 53.0
75.0, 53.0
76.0, 53.0
77.0, 53.0
78.0, 53.0
79.0, 53.0
80.0, 53.0
81.0, 53.0
82.0, 53.0
83.0, 53.0
84.0, 53.0
85.0, 53.0
86.0, 53.0
87.0, 53.0
88.0, 53.0
89.0, 53.0
58.0, 54.0
59.0, 54.0
60.0, 54.0
61.0, 54.0
62.0, 54.0
63.0, 54.0
64.0, 54.0
65.0, 54.0
66.0, 54.0
67.0, 54.0
68.0, 54.0
69.0, 54.0
70.0, 54.0
71.0, 54.0
72.0, 54.0
73.0, 54.0
74.0, 54.0
75.0, 54.0
76.0, 54.0
77.0, 54.0
78.0, 54.0
79.0, 54.0
80.0, 54.0
81.0, 54.0
82.0, 54.0
83.0, 54.0
84.0, 54.0
85.0, 54.0
86.0, 54.0
87.0, 54.0
88.0, 54.0
89.0, 54.0
90.0, 54.0
91.0, 54.0
92.0, 54.0
58.0, 55.0
59.0, 55.0
62.0, 55.0
63.0, 55.0
64.0, 55.0
65.0, 55.0
66.0, 55.0
67.0, 55.0
68.0, 55.0
69.0, 55.0
70.0, 55.0
71.0, 55.0
72.0, 55.0
73.0, 55.0
74.0, 55.0
75.0, 55.0
76.0, 55.0
77.0, 55.0
78.0, 55.0
79.0, 55.0
80.0, 55.0
81.0, 55.0
82.0, 55.0
83.0, 55.0
84.0, 55.0
85.0, 55.0
86.0, 55.0
87.0, 55.0
88.0, 55.0
89.0, 55.0
90.0, 55.0
91.0, 55.0
92.0, 55.0
93.0, 55.0
66.0, 56.0
67.0, 56.0
68.0, 56.0
69.0, 56.0
70.0, 56.0
71.0, 56.0
72.0, 56.0
73.0, 56.0
74.0, 56.0
75.0, 56.0
76.0, 56.0
77.0, 56.0
78.0, 56.0
79.0, 56.0
80.0, 56.0
81.0, 56.0
82.0, 56.0
83.0, 56.0
84.0, 56.0
85.0, 56.0
86.0, 56.0
87.0, 56.0
88.0, 56.0
89.0, 56.0
90.0, 56.0
91.0, 56.0
92.0, 56.0
93.0, 56.0
94.0, 56.0
67.0, 57.0
68.0, 57.0
69.0, 57.0
70.0, 57.0
71.0, 57.0
72.0, 57.0
73.0, 57.0
74.0, 57.0
75.0, 57.0
76.0, 57.0
77.0, 57.0
78.0, 57.0
79.0, 57.0
80.0, 57.0
81.0, 57.0
82.0, 57.0
83.0, 57.0
84.0, 57.0
85.0, 57.0
86.0, 57.0
87.0, 57.0
88.0, 57.0
89.0, 57.0
90.0, 57.0
91.0, 57.0
93.0, 57.0
68.0, 58.0
69.0, 58.0
70.0, 58.0
71.0, 58.0
72.0, 58.0
73.0, 58.0
74.0, 58.0
75.0, 58.0
76.0, 58.0
77.0, 58.0
78.0, 58.0
79.0, 58.0
80.0, 58.0
81.0, 58.0
82.0, 58.0
83.0, 58.0
84.0, 58.0
85.0, 58.0
86.0, 58.0
87.0, 58.0
88.0, 58.0
89.0, 58.0
90.0, 58.0
91.0, 58.0
92.0, 58.0
93.0, 58.0
69.0, 59.0
70.0, 59.0
71.0, 59.0
72.0, 59.0
73.0, 59.0
74.0, 59.0
75.0, 59.0
76.0, 59.0
77.0, 59.0
78.0, 59.0
79.0, 59.0
80.0, 59.0
81.0, 59.0
82.0, 59.0
83.0, 59.0
84.0, 59.0
85.0, 59.0
86.0, 59.0
87.0, 59.0
88.0, 59.0
89.0, 59.0
90.0, 59.0
91.0, 59.0
92.0, 59.0
93.0, 59.0
94.0, 59.0
96.0, 59.0
97.0, 59.0
98.0, 59.0
70.0, 60.0
71.0, 60.0
72.0, 60.0
73.0, 60.0
74.0, 60.0
75.0, 60.0
76.0, 60.0
77.0, 60.0
78.0, 60.0
79.0, 60.0
80.0, 60.0
81.0, 60.0
82.0, 60.0
83.0, 60.0
84.0, 60.0
85.0, 60.0
86.0, 60.0
87.0, 60.0
88.0, 60.0
89.0, 60.0
90.0, 60.0
91.0, 60.0
92.0, 60.0
93.0, 60.0
94.0, 60.0
95.0, 60.0
96.0, 60.0
97.0, 60.0
98.0, 60.0
99.0, 60.0
100.0, 60.0
72.0, 61.0
73.0, 61.0
74.0, 61.0
75.0, 61.0
76.0, 61.0
77.0, 61.0
78.0, 61.0
79.0, 61.0
80.0, 61.0
81.0, 61.0
82.0, 61.0
83.0, 61.0
84.0, 61.0
85.0, 61.0
86.0, 61.0
87.0, 61.0
88.0, 61.0
89.0, 61.0
90.0, 61.0
91.0, 61.0
92.0, 61.0
93.0, 61.0
94.0, 61.0
95.0, 61.0
96.0, 61.0
97.0, 61.0
98.0, 61.0
99.0, 61.0
100.0, 61.0
74.0, 62.0
75.0, 62.0
76.0, 62.0
77.0, 62.0
78.0, 62.0
79.0, 62.0
80.0, 62.0
81.0, 62.0
82.0, 62.0
83.0, 62.0
84.0, 62.0
85.0, 62.0
86.0, 62.0
87.0, 62.0
88.0, 62.0
89.0, 62.0
90.0, 62.0
91.0, 62.0
92.0, 62.0
93.0, 62.0
94.0, 62.0
95.0, 62.0
96.0, 62.0
97.0, 62.0
98.0, 62.0
99.0, 62.0
100.0, 62.0
101.0, 62.0
102.0, 62.0
74.0, 63.0
75.0, 63.0
76.0, 63.0
77.0, 63.0
78.0, 63.0
79.0, 63.0
80.0, 63.0
81.0, 63.0
82.0, 63.0
83.0, 63.0
84.0, 63.0
85.0, 63.0
86.0, 63.0
87.0, 63.0
88.0, 63.0
89.0, 63.0
90.0, 63.0
91.0, 63.0
92.0, 63.0
93.0, 63.0
94.0, 63.0
95.0, 63.0
96.0, 63.0
97.0, 63.0
98.0, 63.0
99.0, 63.0
100.0, 63.0
101.0, 63.0
102.0, 63.0
76.0, 64.0
77.0, 64.0
78.0, 64.0
80.0, 64.0
81.0, 64.0
82.0, 64.0
83.0, 64.0
84.0, 64.0
85.0, 64.0
86.0, 64.0
87.0, 64.0
88.0, 64.0
89.0, 64.0
90.0, 64.0
91.0, 64.0
92.0, 64.0
93.0, 64.0
94.0, 64.0
95.0, 64.0
96.0, 64.0
97.0, 64.0
98.0, 64.0
99.0, 64.0
100.0, 64.0
101.0, 64.0
102.0, 64.0
103.0, 64.0
78.0, 65.0
79.0, 65.0
81.0, 65.0
82.0, 65.0
83.0, 65.0
84.0, 65.0
85.0, 65.0
86.0, 65.0
87.0, 65.0
88.0, 65.0
89.0, 65.0
90.0, 65.0
91.0, 65.0
92.0, 65.0
93.0, 65.0
94.0, 65.0
95.0, 65.0
96.0, 65.0
97.0, 65.0
98.0, 65.0
99.0, 65.0
100.0, 65.0
101.0, 65.0
102.0, 65.0
103.0, 65.0
77.0, 66.0
78.0, 66.0
79.0, 66.0
80.0, 66.0
81.0, 66.0
82.0, 66.0
83.0, 66.0
84.0, 66.0
85.0, 66.0
86.0, 66.0
87.0, 66.0
88.0, 66.0
89.0, 66.0
90.0, 66.0
91.0, 66.0
92.0, 66.0
93.0, 66.0
94.0, 66.0
95.0, 66.0
96.0, 66.0
97.0, 66.0
98.0, 66.0
99.0, 66.0
100.0, 66.0
101.0, 66.0
77.0, 67.0
78.0, 67.0
79.0, 67.0
80.0, 67.0
81.0, 67.0
82.0, 67.0
83.0, 67.0
84.0, 67.0
85.0, 67.0
86.0, 67.0
87.0, 67.0
88.0, 67.0
89.0, 67.0
90.0, 67.0
91.0, 67.0
92.0, 67.0
93.0, 67.0
94.0, 67.0
95.0, 67.0
96.0, 67.0
97.0, 67.0
98.0, 67.0
99.0, 67.0
100.0, 67.0
101.0, 67.0
102.0, 67.0
103.0, 67.0
78.0, 68.0
79.0, 68.0
80.0, 68.0
81.0, 68.0
82.0, 68.0
83.0, 68.0
84.0, 68.0
85.0, 68.0
86.0, 68.0
87.0, 68.0
88.0, 68.0
89.0, 68.0
90.0, 68.0
91.0, 68.0
92.0, 68.0
93.0, 68.0
94.0, 68.0
95.0, 68.0
96.0, 68.0
97.0, 68.0
98.0, 68.0
99.0, 68.0
100.0, 68.0
101.0, 68.0
102.0, 68.0
103.0, 68.0
104.0, 68.0
78.0, 69.0
79.0, 69.0
82.0, 69.0
83.0, 69.0
84.0, 69.0
85.0, 69.0
86.0, 69.0
87.0, 69.0
88.0, 69.0
89.0, 69.0
90.0, 69.0
91.0, 69.0
92.0, 69.0
93.0, 69.0
94.0, 69.0
95.0, 69.0
96.0, 69.0
97.0, 69.0
98.0, 69.0
99.0, 69.0
100.0, 69.0
101.0, 69.0
102.0, 69.0
103.0, 69.0
104.0, 69.0
105.0, 69.0
106.0, 69.0
84.0, 70.0
85.0, 70.0
86.0, 70.0
87.0, 70.0
88.0, 70.0
89.0, 70.0
90.0, 70.0
91.0, 70.0
92.0, 70.0
93.0, 70.0
94.0, 70.0
95.0, 70.0
96.0, 70.0
97.0, 70.0
98.0, 70.0
99.0, 70.0
100.0, 70.0
101.0, 70.0
102.0, 70.0
103.0, 70.0
104.0, 70.0
105.0, 70.0
106.0, 70.0
107.0, 70.0
108.0, 70.0
84.0, 71.0
85.0, 71.0
86.0, 71.0
87.0, 71.0
88.0, 71.0
89.0, 71.0
90.0, 71.0
91.0, 71.0
92.0, 71.0
93.0, 71.0
94.0, 71.0
95.0, 71.0
96.0, 71.0
97.0, 71.0
98.0, 71.0
99.0, 71.0
100.0, 71.0
101.0, 71.0
102.0, 71.0
103.0, 71.0
104.0, 71.0
105.0, 71.0
106.0, 71.0
107.0, 71.0
108.0, 71.0
109.0, 71.0
112.0, 71.0
86.0, 72.0
87.0, 72.0
88.0, 72.0
89.0, 72.0
90.0, 72.0
91.0, 72.0
92.0, 72.0
93.0, 72.0
94.0, 72.0
95.0, 72.0
96.0, 72.0
97.0, 72.0
98.0, 72.0
99.0, 72.0
100.0, 72.0
101.0, 72.0
102.0, 72.0
103.0, 72.0
104.0, 72.0
105.0, 72.0
106.0, 72.0
107.0, 72.0
108.0, 72.0
109.0, 72.0
110.0, 72.0
111.0, 72.0
112.0, 72.0
113.0, 72.0
114.0, 72.0
86.0, 73.0
87.0, 73.0
88.0, 73.0
89.0, 73.0
90.0, 73.0
91.0, 73.0
92.0, 73.0
93.0, 73.0
94.0, 73.0
95.0, 73.0
96.0, 73.0
97.0, 73.0
98.0, 73.0
99.0, 73.0
100.0, 73.0
101.0, 73.0
102.0, 73.0
103.0, 73.0
104.0, 73.0
105.0, 73.0
106.0, 73.0
107.0, 73.0
108.0, 73.0
109.0, 73.0
110.0, 73.0
111.0, 73.0
112.0, 73.0
113.0, 73.0
114.0, 73.0
88.0, 74.0
89.0, 74.0
90.0, 74.0
91.0, 74.0
92.0, 74.0
93.0, 74.0
94.0, 74.0
95.0, 74.0
96.0, 74.0
97.0, 74.0
98.0, 74.0
99.0, 74.0
100.0, 74.0
101.0, 74.0
102.0, 74.0
103.0, 74.0
104.0, 74.0
105.0, 74.0
106.0, 74.0
107.0, 74.0
108.0, 74.0
109.0, 74.0
110.0, 74.0
111.0, 74.0
112.0, 74.0
113.0, 74.0
114.0, 74.0
116.0, 74.0
117.0, 74.0
88.0, 75.0
89.0, 75.0
90.0, 75.0
91.0, 75.0
92.0, 75.0
93.0, 75.0
94.0, 75.0
95.0, 75.0
96.0, 75.0
97.0, 75.0
98.0, 75.0
99.0, 75.0
100.0, 75.0
101.0, 75.0
102.0, 75.0
103.0, 75.0
104.0, 75.0
105.0, 75.0
106.0, 75.0
108.0, 75.0
109.0, 75.0
110.0, 75.0
111.0, 75.0
112.0, 75.0
113.0, 75.0
114.0, 75.0
115.0, 75.0
116.0, 75.0
117.0, 75.0
118.0, 75.0
90.0, 76.0
91.0, 76.0
92.0, 76.0
93.0, 76.0
94.0, 76.0
95.0, 76.0
96.0, 76.0
97.0, 76.0
98.0, 76.0
99.0, 76.0
100.0, 76.0
101.0, 76.0
102.0, 76.0
103.0, 76.0
104.0, 76.0
105.0, 76.0
106.0, 76.0
107.0, 76.0
108.0, 76.0
109.0, 76.0
110.0, 76.0
111.0, 76.0
112.0, 76.0
113.0, 76.0
114.0, 76.0
115.0, 76.0
116.0, 76.0
117.0, 76.0
118.0, 76.0
119.0, 76.0
120.0, 76.0
90.0, 77.0
91.0, 77.0
92.0, 77.0
94.0, 77.0
95.0, 77.0
96.0, 77.0
97.0, 77.0
98.0, 77.0
99.0, 77.0
100.0, 77.0
101.0, 77.0
102.0, 77.0
103.0, 77.0
104.0, 77.0
105.0, 77.0
106.0, 77.0
107.0, 77.0
108.0, 77.0
109.0, 77.0
110.0, 77.0
111.0, 77.0
112.0, 77.0
113.0, 77.0
114.0, 77.0
115.0, 77.0
116.0, 77.0
117.0, 77.0
118.0, 77.0
119.0, 77.0
120.0, 77.0
122.0, 77.0
92.0, 78.0
93.0, 78.0
94.0, 78.0
95.0, 78.0
96.0, 78.0
97.0, 78.0
98.0, 78.0
99.0, 78.0
100.0, 78.0
101.0, 78.0
102.0, 78.0
103.0, 78.0
104.0, 78.0
105.0, 78.0
106.0, 78.0
107.0, 78.0
108.0, 78.0
109.0, 78.0
110.0, 78.0
111.0, 78.0
112.0, 78.0
113.0, 78.0
114.0, 78.0
115.0, 78.0
116.0, 78.0
117.0, 78.0
118.0, 78.0
119.0, 78.0
120.0, 78.0
121.0, 78.0
122.0, 78.0
123.0, 78.0
124.0, 78.0
92.0, 79.0
93.0, 79.0
94.0, 79.0
96.0, 79.0
97.0, 79.0
98.0, 79.0
99.0, 79.0
100.0, 79.0
101.0, 79.0
102.0, 79.0
103.0, 79.0
104.0, 79.0
105.0, 79.0
106.0, 79.0
107.0, 79.0
108.0, 79.0
109.0, 79.0
110.0, 79.0
111.0, 79.0
112.0, 79.0
113.0, 79.0
114.0, 79.0
115.0, 79.0
116.0, 79.0
117.0, 79.0
118.0, 79.0
119.0, 79.0
120.0, 79.0
121.0, 79.0
122.0, 79.0
123.0, 79.0
124.0, 79.0
94.0, 80.0
95.0, 80.0
96.0, 80.0
97.0, 80.0
98.0, 80.0
99.0, 80.0
100.0, 80.0
101.0, 80.0
102.0, 80.0
103.0, 80.0
104.0, 80.0
105.0, 80.0
106.0, 80.0
107.0, 80.0
108.0, 80.0
109.0, 80.0
110.0, 80.0
111.0, 80.0
112.0, 80.0
113.0, 80.0
114.0, 80.0
115.0, 80.0
116.0, 80.0
117.0, 80.0
118.0, 80.0
119.0, 80.0
120.0, 80.0
121.0, 80.0
122.0, 80.0
123.0, 80.0
124.0, 80.0
125.0, 80.0
126.0, 80.0
127.0, 80.0
128.0, 80.0
95.0, 81.0
96.0, 81.0
98.0, 81.0
99.0, 81.0
100.0, 81.0
101.0, 81.0
102.0, 81.0
103.0, 81.0
104.0, 81.0
105.0, 81.0
106.0, 81.0
107.0, 81.0
108.0, 81.0
109.0, 81.0
110.0, 81.0
111.0, 81.0
112.0, 81.0
113.0, 81.0
114.0, 81.0
115.0, 81.0
116.0, 81.0
117.0, 81.0
118.0, 81.0
119.0, 81.0
120.0, 81.0
121.0, 81.0
122.0, 81.0
123.0, 81.0
124.0, 81.0
125.0, 81.0
126.0, 81.0
127.0, 81.0
128.0, 81.0
129.0, 81.0
130.0, 81.0
132.0, 81.0
96.0, 82.0
97.0, 82.0
98.0, 82.0
99.0, 82.0
100.0, 82.0
101.0, 82.0
102.0, 82.0
103.0, 82.0
104.0, 82.0
105.0, 82.0
106.0, 82.0
107.0, 82.0
108.0, 82.0
109.0, 82.0
110.0, 82.0
111.0, 82.0
112.0, 82.0
113.0, 82.0
114.0, 82.0
115.0, 82.0
116.0, 82.0
117.0, 82.0
118.0, 82.0
119.0, 82.0
120.0, 82.0
121.0, 82.0
122.0, 82.0
123.0, 82.0
124.0, 82.0
125.0, 82.0
126.0, 82.0
127.0, 82.0
128.0, 82.0
129.0, 82.0
130.0, 82.0
131.0, 82.0
132.0, 82.0
133.0, 82.0
102.0, 83.0
103.0, 83.0
104.0, 83.0
105.0, 83.0
106.0, 83.0
107.0, 83.0
108.0, 83.0
109.0, 83.0
110.0, 83.0
111.0, 83.0
112.0, 83.0
113.0, 83.0
114.0, 83.0
115.0, 83.0
116.0, 83.0
117.0, 83.0
118.0, 83.0
119.0, 83.0
120.0, 83.0
121.0, 83.0
122.0, 83.0
123.0, 83.0
124.0, 83.0
125.0, 83.0
126.0, 83.0
127.0, 83.0
128.0, 83.0
129.0, 83.0
130.0, 83.0
131.0, 83.0
132.0, 83.0
133.0, 83.0
134.0, 83.0
135.0, 83.0
102.0, 84.0
103.0, 84.0
104.0, 84.0
105.0, 84.0
106.0, 84.0
107.0, 84.0
108.0, 84.0
109.0, 84.0
110.0, 84.0
111.0, 84.0
112.0, 84.0
113.0, 84.0
114.0, 84.0
115.0, 84.0
116.0, 84.0
117.0, 84.0
118.0, 84.0
119.0, 84.0
120.0, 84.0
121.0, 84.0
122.0, 84.0
123.0, 84.0
124.0, 84.0
125.0, 84.0
126.0, 84.0
127.0, 84.0
128.0, 84.0
129.0, 84.0
130.0, 84.0
131.0, 84.0
132.0, 84.0
133.0, 84.0
134.0, 84.0
135.0, 84.0
136.0, 84.0
137.0, 84.0
138.0, 84.0
106.0, 85.0
107.0, 85.0
108.0, 85.0
109.0, 85.0
110.0, 85.0
111.0, 85.0
112.0, 85.0
113.0, 85.0
114.0, 85.0
115.0, 85.0
116.0, 85.0
117.0, 85.0
118.0, 85.0
119.0, 85.0
120.0, 85.0
121.0, 85.0
122.0, 85.0
123.0, 85.0
124.0, 85.0
125.0, 85.0
126.0, 85.0
127.0, 85.0
128.0, 85.0
129.0, 85.0
130.0, 85.0
131.0, 85.0
132.0, 85.0
133.0, 85.0
134.0, 85.0
135.0, 85.0
136.0, 85.0
137.0, 85.0
138.0, 85.0
139.0, 85.0
107.0, 86.0
108.0, 86.0
109.0, 86.0
110.0, 86.0
111.0, 86.0
112.0, 86.0
113.0, 86.0
114.0, 86.0
115.0, 86.0
116.0, 86.0
117.0, 86.0
118.0, 86.0
119.0, 86.0
120.0, 86.0
121.0, 86.0
122.0, 86.0
123.0, 86.0
124.0, 86.0
125.0, 86.0
126.0, 86.0
127.0, 86.0
128.0, 86.0
129.0, 86.0
130.0, 86.0
131.0, 86.0
132.0, 86.0
133.0, 86.0
134.0, 86.0
135.0, 86.0
136.0, 86.0
137.0, 86.0
138.0, 86.0
139.0, 86.0
140.0, 86.0
141.0, 86.0
142.0, 86.0
143.0, 86.0
110.0, 87.0
111.0, 87.0
112.0, 87.0
113.0, 87.0
114.0, 87.0
115.0, 87.0
116.0, 87.0
117.0, 87.0
118.0, 87.0
119.0, 87.0
120.0, 87.0
121.0, 87.0
122.0, 87.0
123.0, 87.0
124.0, 87.0
125.0, 87.0
126.0, 87.0
127.0, 87.0
128.0, 87.0
129.0, 87.0
130.0, 87.0
131.0, 87.0
132.0, 87.0
133.0, 87.0
134.0, 87.0
135.0, 87.0
136.0, 87.0
137.0, 87.0
138.0, 87.0
139.0, 87.0
140.0, 87.0
141.0, 87.0
142.0, 87.0
143.0, 87.0
144.0, 87.0
145.0, 87.0
146.0, 87.0
113.0, 88.0
114.0, 88.0
115.0, 88.0
116.0, 88.0
117.0, 88.0
118.0, 88.0
119.0, 88.0
120.0, 88.0
121.0, 88.0
122.0, 88.0
123.0, 88.0
124.0, 88.0
125.0, 88.0
126.0, 88.0
127.0, 88.0
128.0, 88.0
129.0, 88.0
130.0, 88.0
131.0, 88.0
132.0, 88.0
133.0, 88.0
134.0, 88.0
135.0, 88.0
136.0, 88.0
137.0, 88.0
138.0, 88.0
139.0, 88.0
140.0, 88.0
141.0, 88.0
142.0, 88.0
143.0, 88.0
144.0, 88.0
145.0, 88.0
146.0, 88.0
116.0, 89.0
117.0, 89.0
118.0, 89.0
119.0, 89.0
120.0, 89.0
121.0, 89.0
122.0, 89.0
123.0, 89.0
124.0, 89.0
125.0, 89.0
126.0, 89.0
127.0, 89.0
128.0, 89.0
129.0, 89.0
130.0, 89.0
131.0, 89.0
132.0, 89.0
133.0, 89.0
134.0, 89.0
135.0, 89.0
136.0, 89.0
137.0, 89.0
138.0, 89.0
139.0, 89.0
140.0, 89.0
141.0, 89.0
142.0, 89.0
143.0, 89.0
144.0, 89.0
145.0, 89.0
146.0, 89.0
147.0, 89.0
118.0, 90.0
119.0, 90.0
120.0, 90.0
121.0, 90.0
122.0, 90.0
123.0, 90.0
124.0, 90.0
125.0, 90.0
126.0, 90.0
127.0, 90.0
128.0, 90.0
129.0, 90.0
130.0, 90.0
131.0, 90.0
132.0, 90.0
133.0, 90.0
134.0, 90.0
135.0, 90.0
136.0, 90.0
137.0, 90.0
138.0, 90.0
139.0, 90.0
140.0, 90.0
141.0, 90.0
142.0, 90.0
143.0, 90.0
144.0, 90.0
145.0, 90.0
146.0, 90.0
147.0, 90.0
120.0, 91.0
121.0, 91.0
122.0, 91.0
123.0, 91.0
124.0, 91.0
125.0, 91.0
126.0, 91.0
127.0, 91.0
128.0, 91.0
129.0, 91.0
130.0, 91.0
131.0, 91.0
132.0, 91.0
133.0, 91.0
134.0, 91.0
135.0, 91.0
136.0, 91.0
137.0, 91.0
138.0, 91.0
139.0, 91.0
140.0, 91.0
141.0, 91.0
142.0, 91.0
143.0, 91.0
144.0, 91.0
145.0, 91.0
146.0, 91.0
147.0, 91.0
124.0, 92.0
125.0, 92.0
126.0, 92.0
127.0, 92.0
129.0, 92.0
130.0, 92.0
131.0, 92.0
132.0, 92.0
133.0, 92.0
134.0, 92.0
135.0, 92.0
136.0, 92.0
137.0, 92.0
138.0, 92.0
139.0, 92.0
140.0, 92.0
141.0, 92.0
142.0, 92.0
143.0, 92.0
144.0, 92.0
145.0, 92.0
146.0, 92.0
147.0, 92.0
148.0, 92.0
126.0, 93.0
127.0, 93.0
130.0, 93.0
131.0, 93.0
132.0, 93.0
134.0, 93.0
135.0, 93.0
137.0, 93.0
138.0, 93.0
139.0, 93.0
140.0, 93.0
141.0, 93.0
142.0, 93.0
143.0, 93.0
144.0, 93.0
145.0, 93.0
146.0, 93.0
147.0, 93.0
150.0, 93.0
151.0, 93.0
134.0, 94.0
135.0, 94.0
136.0, 94.0
137.0, 94.0
138.0, 94.0
139.0, 94.0
140.0, 94.0
141.0, 94.0
142.0, 94.0
143.0, 94.0
144.0, 94.0
145.0, 94.0
146.0, 94.0
147.0, 94.0
148.0, 94.0
149.0, 94.0
150.0, 94.0
151.0, 94.0
152.0, 94.0
138.0, 95.0
140.0, 95.0
142.0, 95.0
143.0, 95.0
144.0, 95.0
145.0, 95.0
146.0, 95.0
147.0, 95.0
148.0, 95.0
149.0, 95.0
150.0, 95.0
151.0, 95.0
152.0, 95.0
137.0, 96.0
138.0, 96.0
139.0, 96.0
140.0, 96.0
141.0, 96.0
142.0, 96.0
144.0, 96.0
145.0, 96.0
146.0, 96.0
147.0, 96.0
148.0, 96.0
149.0, 96.0
150.0, 96.0
151.0, 96.0
152.0, 96.0
153.0, 96.0
154.0, 96.0
155.0, 96.0
146.0, 97.0
147.0, 97.0
148.0, 97.0
149.0, 97.0
150.0, 97.0
151.0, 97.0
152.0, 97.0
153.0, 97.0
154.0, 97.0
139.0, 98.0
142.0, 98.0
144.0, 98.0
146.0, 98.0
147.0, 98.0
148.0, 98.0
149.0, 98.0
150.0, 98.0
151.0, 98.0
152.0, 98.0
153.0, 98.0
154.0, 98.0
155.0, 98.0
156.0, 98.0
147.0, 99.0
148.0, 99.0
149.0, 99.0
150.0, 99.0
151.0, 99.0
152.0, 99.0
153.0, 99.0
154.0, 99.0
155.0, 99.0
156.0, 99.0
157.0, 99.0
146.0, 100.0
148.0, 100.0
149.0, 100.0
150.0, 100.0
151.0, 100.0
152.0, 100.0
153.0, 100.0
154.0, 100.0
155.0, 100.0
156.0, 100.0
157.0, 100.0
149.0, 101.0
150.0, 101.0
151.0, 101.0
152.0, 101.0
153.0, 101.0
154.0, 101.0
155.0, 101.0
156.0, 101.0
157.0, 101.0
158.0, 101.0
150.0, 102.0
151.0, 102.0
152.0, 102.0
153.0, 102.0
154.0, 102.0
155.0, 102.0
156.0, 102.0
157.0, 102.0
151.0, 103.0
152.0, 103.0
153.0, 103.0
154.0, 103.0
155.0, 103.0
156.0, 103.0
157.0, 103.0
152.0, 104.0
153.0, 104.0
154.0, 104.0
155.0, 104.0
157.0, 104.0
153.0, 105.0
154.0, 105.0
155.0, 105.0
156.0, 105.0
154.0, 106.0
155.0, 106.0
156.0, 106.0
157.0, 106.0
155.0, 107.0
156.0, 108.0
157.0, 108.0
158.0, 108.0
159.0, 108.0
161.0, 108.0
157.0, 109.0
159.0, 110.0
160.0, 110.0
161.0, 110.0
